10 3 3 2
52 3 5 2
69 3 6 2
47 -1 -18 2
76 1 1 3
34 2 -4 3
72 3 -10 2
24 -1 -26 2
23 -1 -31 3
59 7 -4 2
14 3 -13 2
33 -1 -10 3
29 -1 -30 2
7 0 1 3
-5 7 -5 3
-11 -1 -27 6
9 2 8 3
69 -1 -24 2
62 -1 -29 2
25 -1 -20 3
75 3 -9 2
-1 -1 -29 2
30 -1 -14 3
63 -1 -27 2
3 14 -4 3
24 -1 -29 2
19 -1 -31 3
14 3 -10 2
22 -1 -10 3
41 -1 -14 3
20 0 -6 3
65 3 -1 2
54 1 -12 3
71 3 1 2
14 -1 -24 2
25 3 -3 2
44 3 -11 2
53 -1 -28 2
18 -1 5 3
65 3 -9 2
67 -1 -30 2
49 3 -10 2
8 3 -8 2
3 14 -5 3
33 1 -13 3
72 3 -8 2
68 3 -4 2
39 1 -1 3
14 3 -7 2
18 2 -3 3
72 2 8 3
18 0 1 3
71 3 2 2
14 -1 -19 2
54 1 -1 3
-5 -1 -23 3
64 -1 -2 3
-8 -1 -23 3
62 -1 -27 6
76 0 4 3
13 3 2 2
60 7 -5 2
18 1 -10 3
14 3 -4 2
39 0 -1 3
18 2 -14 3
22 -1 4 3
45 -1 8 3
-1 16 -8 3
66 3 -4 2
14 -1 -30 2
7 1 6 3
22 1 -6 3
-3 0 -1 3
7 2 -1 3
7 -1 -12 3
12 3 2 2
15 -1 -30 2
22 1 1 3
70 0 8 3
72 -1 -14 3
39 0 4 3
46 -1 -16 2
18 1 4 3
68 -1 -20 2
22 1 0 3
76 -1 7 3
39 1 2 3
33 1 -8 3
45 -1 -29 2
46 -1 -19 2
-8 -1 -25 2
11 -1 -16 2
56 -1 -28 2
15 -1 -24 2
61 0 -5 3
54 -1 -26 2
14 -1 -15 2
71 -1 -19 2
35 -1 -30 2
18 2 -12 3
29 3 3 2
14 3 -1 2
70 3 -1 2
-3 9 -7 3
43 3 -3 2
39 -1 8 3
34 -1 -26 2
-3 -1 -27 2
43 3 -11 2
50 0 -14 3
47 3 5 2
2 4 -6 3
-3 -1 -7 3
20 -1 -6 3
40 3 -9 2
23 3 -1 2
18 0 -6 3
69 -1 -27 2
-2 2 0 3
-15 -1 -27 2
29 3 0 2
21 -1 -30 2
16 3 3 2
43 3 -10 2
33 0 4 3
10 -1 -26 2
24 3 1 2
40 3 -6 2
46 3 5 2
65 2 -14 3
46 3 4 2
57 -1 -27 2
57 6 -6 3
28 -1 -26 2
9 2 -14 3
24 3 -13 2
29 3 5 2
16 3 6 2
42 3 7 2
11 3 -8 2
76 2 -14 3
53 -1 -24 2
61 -1 -6 3
40 -1 -26 2
33 -1 -1 3
10 -1 -29 2
4 -1 -28 2
69 -1 -17 6
66 3 0 2
33 0 -10 3
33 -1 2 3
52 0 8 3
51 -1 -29 2
39 2 -6 3
16 3 5 2
54 2 -8 3
11 3 -3 2
24 3 2 2
38 -1 -23 3
7 0 3 3
18 1 -9 3
13 3 5 2
45 3 1 2
32 3 2 2
49 3 4 2
41 3 7 2
33 0 6 3
40 3 -4 2
50 -1 -16 3
39 -1 -8 3
9 1 8 3
64 -1 5 3
31 -1 -27 6
23 0 8 3
61 2 -4 3
29 -1 -14 3
7 -1 0 3
45 3 6 2
32 3 1 2
10 -1 -19 2
-3 2 -7 3
19 -1 -24 2
44 3 0 2
74 3 2 2
57 -1 -29 2
-18 -1 -27 3
24 3 -8 2
30 -1 -22 2
39 0 3 3
-2 -1 0 3
46 -1 -26 2
11 3 -13 2
53 3 -4 2
-15 -1 -24 2
58 5 -7 3
59 -1 -29 2
47 -1 8 3
32 3 4 2
69 3 -6 2
10 -1 -22 2
76 1 0 3
1 -1 -26 2
39 2 -11 3
20 -1 -27 6
22 0 6 3
47 -1 -31 3
7 2 -2 3
11 3 -12 2
54 2 -10 3
8 3 -12 2
-2 15 -8 3
30 3 0 2
13 -1 -16 2
-4 9 -6 3
76 2 7 3
49 -1 -31 3
71 2 -14 3
24 3 -3 2
68 -1 -26 2
64 1 -10 3
26 3 -4 2
44 -1 -17 3
42 3 -10 2
7 2 -3 3
5 0 -3 3
36 0 -6 3
42 -1 -27 2
-5 0 -3 3
11 2 -14 3
54 2 -13 3
52 3 2 2
25 3 7 2
20 -1 -31 3
37 1 -6 3
68 3 -13 2
57 4 -6 3
48 3 7 2
28 3 -5 2
23 -1 -26 2
61 -1 -29 2
7 2 -8 3
47 3 -11 2
3 13 -5 3
72 3 -6 2
50 3 -2 2
-11 -1 -26 2
8 3 -1 2
26 3 7 2
10 -1 -15 2
53 -1 -29 2
20 -1 -30 2
1 -1 -27 6
23 -1 -24 2
67 3 -9 2
33 0 5 3
66 -1 -23 3
52 3 -10 2
61 -1 -23 3
7 2 -9 3
54 2 -2 3
9 3 -10 2
76 0 8 3
3 9 -3 3
54 2 -3 3
-2 3 0 3
42 1 -14 3
70 1 -14 3
-9 -1 -27 2
66 0 8 3
74 -1 8 3
37 -1 -23 3
-5 10 -4 3
0 17 -3 2
22 2 -2 3
49 3 2 2
49 3 -11 2
54 -1 2 3
16 3 -6 2
49 -1 -23 2
7 2 -14 3
2 7 -2 3
-12 -1 -24 2
0 -1 -23 3
54 2 -6 3
49 -1 -15 2
25 0 -14 3
16 2 -14 3
76 2 -10 3
68 -1 -16 2
7 1 -10 3
26 -1 -14 3
52 -1 -26 2
54 -1 7 3
33 0 -12 3
15 -1 -17 3
3 -1 -27 2
66 3 -3 2
1 0 -7 3
66 0 -14 3
51 -1 -26 2
30 3 -10 2
75 2 8 3
7 -1 -6 3
-1 8 -8 3
34 0 -6 3
-5 1 -4 3
54 -1 4 3
12 3 3 2
53 3 5 2
47 0 8 3
-5 14 -3 3
-4 0 -6 3
-3 -1 -23 3
76 -1 -8 3
33 1 -5 3
60 0 -1 3
8 3 1 2
46 -1 -20 2
18 1 -2 3
11 -1 -15 2
59 2 -7 3
38 2 -5 3
22 1 2 3
58 7 -5 2
51 3 4 2
33 2 5 3
-13 -1 -29 2
11 -1 -27 6
-12 -1 -29 2
72 -1 -18 3
57 2 -4 3
39 0 -9 3
34 -1 -27 6
18 1 -13 3
64 0 6 3
71 -1 -28 2
9 -1 -18 3
47 3 4 2
67 -1 -25 2
44 2 8 3
17 1 8 3
6 1 -5 3
35 0 -2 3
65 3 -5 2
1 -1 -28 2
73 3 -1 2
21 -1 -29 2
-3 17 -5 2
48 3 -1 2
53 3 -13 2
54 0 -12 3
67 3 0 2
64 1 7 3
35 -1 -29 2
-4 17 -3 2
46 3 6 2
9 3 4 2
60 -1 -26 2
26 -1 -26 2
39 2 -14 3
74 3 4 2
5 -1 -3 3
76 1 -12 3
71 -1 -23 2
6 -1 -30 2
45 -1 -19 2
53 0 -14 3
27 -1 -19 2
-4 6 -2 3
22 0 -9 3
69 -1 -30 2
67 3 5 2
47 3 -3 2
33 -1 3 3
13 -1 -31 3
61 1 -6 3
9 3 1 2
37 -1 -28 2
26 -1 -29 2
31 3 -12 2
13 1 -14 3
15 1 8 3
57 5 -4 3
39 2 -5 3
22 2 -7 3
6 -1 -25 2
24 3 3 2
27 -1 -21 2
0 2 0 3
3 2 -3 3
67 3 6 2
13 3 4 2
26 2 8 3
27 1 -14 3
65 3 -3 2
74 3 -1 2
11 0 -14 3
41 3 6 2
55 -1 -29 2
-9 -1 -31 3
18 1 7 3
-17 -1 -29 2
50 -1 -17 3
-1 11 -8 3
4 -1 -29 2
43 2 -14 3
71 3 -7 2
30 3 -11 2
6 -1 -28 2
1 3 -7 3
48 -1 -31 3
47 3 -5 2
26 -1 -19 2
15 3 0 2
1 -1 -24 2
30 -1 -23 2
52 -1 -14 3
6 -1 -23 3
-15 -1 -23 3
15 3 -11 2
17 -1 -27 6
64 2 -9 3
3 -1 -23 3
67 0 -14 3
48 -1 -30 2
25 -1 -24 2
31 -1 -22 3
11 0 8 3
39 -1 -12 3
39 0 6 3
26 -1 -22 2
7 -1 -26 2
1 -1 -25 2
20 -1 -28 2
33 1 0 3
-2 6 -8 3
31 3 -1 2
37 -1 -6 3
66 -1 -18 3
15 3 -10 2
-17 -1 -25 2
45 3 -13 2
-6 -1 -25 2
48 -1 -17 2
13 -1 -15 2
49 -1 -30 2
70 3 1 2
68 2 -14 3
-5 -1 -25 2
-17 -1 -26 2
1 14 -7 3
41 -1 -25 2
-1 6 0 3
26 3 -3 2
18 0 0 3
-2 17 -3 2
33 1 5 3
44 -1 -18 3
41 -1 8 3
-10 -1 -23 3
15 3 -13 2
2 11 -6 3
60 3 -7 3
50 0 8 3
-5 2 -4 3
-6 -1 -28 2
52 3 3 2
44 3 4 2
47 -1 -30 2
76 2 -12 3
58 -1 -27 6
59 6 -1 3
-16 -1 -27 6
44 3 -1 2
48 -1 8 3
10 1 8 3
38 -1 -31 3
9 3 2 2
33 1 6 3
39 0 0 3
24 3 -1 2
15 3 -4 2
65 -1 -31 3
33 1 3 3
36 2 -5 3
59 0 -1 3
-11 -1 -25 2
-6 -1 -31 3
24 -1 8 3
2 1 -2 3
58 -1 -30 2
44 3 -3 2
67 3 -10 2
38 -1 -1 3
57 -1 -30 2
61 3 -4 3
9 -1 -31 3
38 -1 -26 2
15 3 2 2
7 0 -12 3
66 -1 -24 2
70 3 7 2
33 1 -2 3
37 2 -6 3
15 3 -7 2
42 -1 -31 3
-1 12 0 3
7 -1 4 3
29 3 -8 2
67 1 -14 3
49 1 -14 3
41 3 1 2
16 1 -14 3
49 3 -12 2
16 3 -5 2
42 -1 -29 2
29 -1 -25 2
49 -1 -26 2
5 2 -5 3
15 3 -6 2
36 -1 -6 3
31 3 6 2
49 -1 -14 3
76 -1 2 3
18 0 -11 3
-13 -1 -24 2
33 -1 -12 3
41 3 -8 2
34 1 -2 3
76 0 -11 3
46 -1 -21 2
7 -1 6 3
-18 -1 -28 3
14 3 -3 2
43 2 8 3
-4 3 -2 3
8 1 -14 3
31 3 3 2
66 3 -1 2
12 -1 -31 3
-16 -1 -26 2
43 3 -4 2
74 3 -13 2
72 3 0 2
4 -1 -31 3
74 2 8 3
15 0 8 3
72 3 6 2
-2 -1 -23 3
41 3 -11 2
71 -1 -29 2
57 6 -5 3
-3 14 -7 3
19 -1 -25 2
0 2 -8 3
53 3 4 2
68 3 -7 2
32 -1 -26 2
26 3 -7 2
0 14 -8 3
-2 1 -8 3
33 1 -6 3
12 -1 -30 2
39 1 -8 3
3 -1 -29 2
76 2 2 3
-7 -1 -28 2
32 -1 -29 2
2 9 -6 3
-2 10 -8 3
31 -1 -21 3
33 1 -12 3
57 2 -3 3
34 -1 -28 2
12 -1 -25 6
22 -1 -8 3
3 0 -5 3
-3 -1 -26 2
33 -1 -8 3
50 3 4 2
-1 -1 -28 2
64 2 1 3
28 0 8 3
14 -1 -21 2
61 2 -3 3
65 3 -6 2
29 3 -7 2
73 3 -3 2
22 2 5 3
51 3 -13 2
-7 -1 -24 2
59 -1 -1 3
12 -1 -24 6
12 3 -6 2
9 3 -3 2
3 12 -4 3
33 -1 -28 2
46 3 7 2
7 -1 -14 3
39 1 4 3
9 -1 -29 2
1 15 -7 3
32 -1 -23 3
76 1 8 3
25 -1 -17 3
43 -1 -28 2
10 2 -14 3
51 3 -12 2
56 -1 -2 3
27 3 -5 2
54 -1 -13 3
53 -1 -27 6
12 -1 -19 6
8 0 -14 3
-2 14 0 3
22 -1 -30 2
50 3 2 2
30 3 -6 2
33 0 -14 3
13 -1 -30 2
16 -1 -23 3
5 -1 -31 3
24 3 -2 2
64 1 -2 3
32 3 7 2
51 3 -7 2
54 0 1 3
12 -1 -18 6
33 0 3 3
3 5 -3 3
9 3 -9 2
29 -1 -23 2
18 2 -5 3
22 -1 -25 2
64 1 -9 3
59 0 -7 3
0 9 -8 3
64 -1 -28 2
14 -1 -25 2
68 3 3 2
71 3 -8 2
-2 -1 -29 2
-2 8 0 3
35 0 -6 3
64 2 -1 3
59 5 -7 3
26 -1 -25 2
54 -1 -11 3
1 10 -7 3
22 -1 2 3
61 -1 -27 6
68 -1 8 3
9 3 -12 2
22 -1 -28 2
43 3 6 2
57 4 -5 3
59 -1 -30 2
64 -1 -31 3
29 -1 8 3
22 1 -10 3
66 1 -14 3
42 -1 8 3
38 1 -4 3
58 4 -1 3
17 2 8 3
59 5 -1 3
54 -1 -6 3
61 3 -3 3
23 -1 -25 2
75 3 1 2
69 3 -8 2
22 -1 -23 3
17 3 -9 2
70 -1 -15 2
64 -1 -30 2
59 1 -1 3
18 1 5 3
54 2 7 3
20 -1 -25 2
0 12 0 3
28 2 -14 3
-5 6 -4 3
42 3 1 2
0 17 -1 2
60 2 -1 3
13 -1 -14 3
76 2 1 3
68 -1 -18 2
7 1 3 3
54 2 4 3
26 3 -1 2
11 -1 -21 2
7 1 -1 3
-10 -1 -29 2
71 -1 -22 2
-10 -1 -24 2
-1 0 -8 3
20 1 -6 3
7 1 -11 3
55 0 -6 3
35 2 -5 3
8 3 3 2
54 2 1 3
73 3 0 2
76 0 -10 3
39 0 5 3
45 1 8 3
61 1 -3 3
27 3 -10 2
-3 10 -7 3
14 3 6 2
18 0 -9 3
-1 8 0 3
48 3 -6 2
53 1 8 3
76 -1 -6 3
64 0 -10 3
46 -1 -14 3
28 3 -9 2
67 3 -7 2
56 1 -6 3
8 3 6 2
11 -1 -17 2
-1 4 0 3
57 2 -5 3
7 0 -11 3
66 -1 -25 2
52 3 -5 2
47 -1 -17 6
76 2 -5 3
7 2 4 3
-10 -1 -27 6
44 -1 -15 3
24 1 -14 3
74 3 -11 2
41 0 8 3
9 -1 -24 2
48 3 -7 2
25 3 -6 2
44 3 -9 2
26 1 -14 3
-1 17 -2 2
65 -1 -26 2
17 -1 -26 2
58 7 -4 2
33 2 6 3
7 2 3 3
29 -1 -24 2
24 3 -11 2
42 3 2 2
23 2 8 3
16 -1 8 3
39 -1 6 3
-4 13 -6 3
2 13 -6 3
-2 12 0 3
21 -1 -25 2
4 -1 -3 3
54 2 8 3
7 -1 -30 2
2 16 -6 3
9 -1 -20 3
50 3 -11 2
54 0 -9 3
0 -1 -25 2
76 1 -4 3
30 3 -8 2
74 3 -4 2
57 6 -4 3
18 -1 -2 3
13 -1 -27 6
14 -1 -22 2
72 3 7 2
25 -1 8 3
32 3 -8 2
30 3 5 2
64 1 -1 3
53 1 -14 3
15 -1 -31 3
39 0 2 3
-3 17 -2 2
32 2 8 3
22 0 -10 3
24 3 4 2
29 -1 -17 2
48 3 -10 2
7 0 0 3
22 1 5 3
46 -1 -30 2
31 3 -8 2
75 3 -12 2
28 -1 -30 2
18 1 0 3
33 -1 -30 2
45 3 -8 2
-7 -1 -27 6
66 -1 -28 2
11 3 0 2
65 -1 8 3
49 -1 -29 2
63 -1 -30 2
36 2 -2 3
2 -1 -25 2
31 -1 -24 2
58 0 -1 3
34 -1 -29 2
48 3 -11 2
71 -1 -15 2
47 3 6 2
70 -1 -24 2
-5 15 -3 3
28 -1 -25 2
28 3 4 2
45 3 -3 2
2 15 -2 3
11 3 5 2
65 -1 -23 3
2 -1 -28 2
-2 17 -2 2
64 -1 4 3
48 3 -4 2
60 -1 -7 3
59 7 -2 2
71 3 -1 2
69 3 -10 2
52 -1 -30 2
28 -1 -24 2
72 3 -9 2
76 0 -2 3
30 3 2 2
11 3 6 2
16 3 -1 2
64 2 -14 3
2 -1 -31 3
45 -1 -17 2
30 -1 -24 2
29 -1 -21 2
-9 -1 -24 2
71 -1 -21 2
-14 -1 -26 2
25 0 8 3
41 3 -2 2
7 0 -2 3
28 -1 -19 6
32 3 -12 2
45 3 -9 2
16 -1 -24 2
46 2 -14 3
39 2 -7 3
66 3 -9 2
18 0 8 3
61 -1 -30 2
18 2 -6 3
3 11 -5 3
49 3 1 2
-5 5 -3 3
76 0 3 3
50 1 -14 3
46 3 -7 2
28 -1 -18 2
0 5 -8 3
18 0 3 3
45 3 -12 2
-1 4 -8 3
47 -1 -14 3
50 -1 -19 3
-2 16 0 3
27 -1 8 3
30 3 -9 2
-5 2 -3 3
1 6 -7 3
76 2 -8 3
71 3 -2 2
73 3 6 2
-4 -1 -29 2
35 2 -6 3
22 -1 1 3
27 3 7 2
7 -1 -13 3
64 2 -3 3
12 0 -14 3
3 11 -4 3
13 3 -6 2
-11 -1 -23 3
21 1 -3 3
67 3 3 2
-5 12 -3 3
39 2 -8 3
61 4 -2 3
22 1 -9 3
4 2 -4 3
29 -1 -26 2
75 1 -14 3
31 3 5 2
72 -1 -28 3
71 -1 -25 2
38 1 -3 3
51 1 8 3
12 3 -11 2
72 3 2 2
27 2 8 3
49 -1 -16 2
60 -1 -27 2
36 1 -6 3
28 -1 -15 2
21 1 -2 3
67 -1 -19 2
7 1 -2 3
64 -1 1 3
27 3 -12 2
71 -1 8 3
52 3 -9 2
76 -1 -4 3
-1 13 0 3
20 -1 -26 2
29 3 -11 2
64 -1 -10 3
14 3 4 2
-17 -1 -27 6
-4 -1 -23 3
4 1 -5 3
59 -1 -7 3
13 3 -4 2
60 2 -7 3
73 2 -14 3
49 3 -2 2
-5 -1 -27 6
10 3 -12 2
43 3 4 2
-17 -1 -23 3
-3 15 -1 3
67 -1 -29 2
64 0 -9 3
12 3 4 2
76 0 -3 3
-2 4 0 3
-5 -1 -28 2
44 -1 -16 3
40 1 -14 3
18 2 1 3
72 3 4 2
18 1 6 3
18 -1 2 3
64 1 5 3
18 0 -12 3
18 -1 -7 3
76 0 -12 3
50 3 -1 2
44 3 2 2
10 3 -9 2
54 1 8 3
58 2 -7 3
54 1 0 3
2 9 -2 3
42 3 -12 2
-7 -1 -30 2
18 2 6 3
13 -1 -21 2
-3 14 -1 3
35 -1 -27 6
13 3 -10 2
42 3 -4 2
51 3 -2 2
51 3 -6 2
11 -1 -20 2
18 -1 -10 3
64 0 -11 3
67 3 -8 2
58 -1 -28 2
71 3 -6 2
27 3 -3 2
66 -1 -26 2
68 3 -10 2
39 1 6 3
1 -1 -29 2
24 3 7 2
25 3 -7 2
18 -1 -13 3
42 2 8 3
24 3 -4 2
-1 -1 -23 3
10 3 -3 2
41 -1 -23 3
14 -1 8 3
54 1 2 3
12 3 -10 2
8 3 -4 2
34 -1 -6 3
35 -1 -6 3
68 3 -11 2
24 3 -6 2
33 -1 -25 2
61 0 -2 3
-4 16 -6 3
8 -1 -25 2
16 -1 -25 2
28 3 0 2
-4 1 -6 3
41 -1 -31 3
-13 -1 -26 2
33 0 8 3
61 2 -2 3
10 3 -8 2
17 3 5 2
54 1 1 3
2 1 -6 3
39 0 -7 3
69 -1 -23 6
24 3 -12 2
50 3 -10 2
-3 6 -1 3
17 -1 -28 2
66 3 -8 2
61 6 -5 3
30 3 -7 2
12 2 8 3
59 -1 -24 2
75 3 2 2
76 1 -11 3
28 3 -6 2
-6 -1 -30 2
10 3 -5 2
61 3 -6 3
17 3 2 2
40 -1 8 3
64 0 -8 3
32 -1 8 3
2 17 -4 2
22 0 1 3
23 -1 -27 6
10 3 1 2
7 -1 -1 3
17 1 -14 3
76 1 2 3
49 3 -8 2
22 1 4 3
61 6 -2 3
52 3 -12 2
75 3 7 2
45 2 8 3
31 3 -5 2
-3 13 -1 3
3 6 -4 3
-7 -1 -26 2
54 0 0 3
18 1 -3 3
69 3 -5 2
67 0 8 3
18 2 4 3
52 3 -13 2
75 3 -6 2
18 -1 -25 2
47 3 1 2
76 1 -13 3
-3 17 -3 2
57 1 -5 3
3 0 -3 3
70 -1 -17 2
33 2 -8 3
70 2 8 3
66 3 -2 2
70 -1 -23 2
-1 -1 -8 3
33 0 0 3
29 0 8 3
73 3 -5 2
0 1 -8 3
75 0 8 3
48 3 -3 2
45 3 4 2
18 -1 -28 2
57 1 -4 3
31 2 8 3
52 -1 -27 6
63 -1 -23 3
-1 17 -7 2
23 3 -4 2
30 3 3 2
66 3 4 2
3 16 -4 3
64 -1 -27 6
45 -1 -16 2
47 0 -14 3
2 7 -6 3
50 -1 -14 3
54 -1 -31 3
8 2 8 3
21 -1 -27 2
40 -1 -30 2
34 -1 -23 3
-14 -1 -27 6
-18 -1 -29 3
13 -1 -28 2
-5 16 -4 3
10 3 -10 2
70 3 -6 2
-5 6 -3 3
23 3 -7 2
11 1 8 3
23 3 5 2
-18 -1 -30 3
28 3 1 2
39 1 8 3
58 1 -1 3
18 2 -7 3
7 1 2 3
-1 3 0 3
65 -1 -24 2
-5 5 -4 3
52 3 7 2
8 2 -14 3
41 3 3 2
45 -1 -18 2
46 3 2 2
58 -1 -23 3
14 -1 -27 6
18 1 2 3
36 -1 -2 3
50 -1 -20 3
23 3 -6 2
16 0 -14 3
66 -1 -17 3
23 3 6 2
76 0 -1 3
2 2 -2 3
16 -1 -27 6
69 3 2 2
20 1 -5 3
22 -1 0 3
7 1 -12 3
0 17 -7 2
65 3 7 2
-11 -1 -24 2
2 -1 -2 3
41 3 5 2
22 -1 -2 3
23 3 -9 2
23 3 3 2
30 -1 -18 2
50 3 -6 2
53 3 0 2
0 8 -8 3
56 1 -5 3
-4 -1 -2 3
17 3 -11 2
-3 11 -1 3
30 -1 -19 2
-2 12 -8 3
66 -1 -16 3
-1 0 0 3
61 -1 -26 2
1 -1 -30 2
42 3 3 2
-16 -1 -25 2
57 0 -6 3
58 7 -3 2
33 2 7 3
63 -1 -3 3
-5 -1 -30 2
67 1 8 3
14 2 8 3
26 3 -8 2
68 3 5 2
22 2 -1 3
60 4 -7 3
27 3 2 2
50 -1 -29 2
-18 -1 -23 3
-1 17 -3 2
64 1 0 3
30 -1 -25 2
40 3 4 2
44 3 3 2
34 -1 -30 2
3 15 -3 3
54 0 -10 3
64 0 7 3
74 3 -7 2
2 5 -6 3
54 1 -5 3
17 3 -3 2
-1 14 -8 3
10 3 4 2
-5 -1 -3 3
2 11 -2 3
45 2 -14 3
22 0 -2 3
3 6 -5 3
69 3 -4 2
64 0 -12 3
54 -1 -27 2
76 1 -10 3
24 -1 -23 3
28 1 8 3
67 3 -5 2
11 -1 -19 2
53 3 -2 2
32 0 -14 3
66 -1 -27 2
64 0 4 3
74 3 -3 2
29 -1 -19 2
50 3 3 2
17 3 -6 2
42 -1 -24 2
10 3 7 2
-3 5 -1 3
47 -1 -28 2
-4 11 -6 3
75 0 -14 3
76 1 5 3
25 3 -8 2
74 3 -2 2
68 -1 -27 6
13 -1 -24 2
59 3 -7 3
-2 10 0 3
64 0 1 3
11 -1 -31 3
16 3 -2 2
58 0 -7 3
-3 3 -1 3
73 0 8 3
24 3 -9 2
54 1 -3 3
29 -1 -22 2
10 3 2 2
9 -1 -22 3
18 2 -1 3
24 -1 -28 2
-5 15 -4 3
34 2 -3 3
9 -1 -25 2
3 -1 -5 3
67 3 -2 2
41 -1 -30 2
70 3 5 2
47 2 -14 3
22 0 5 3
-13 -1 -25 2
24 -1 -25 2
33 -1 -9 3
-4 4 -6 3
24 3 0 2
43 -1 -27 6
2 10 -2 3
69 -1 -22 6
-5 7 -3 3
50 3 -9 2
0 -1 -30 2
71 3 5 2
3 16 -5 3
7 -1 -8 3
4 -1 -30 2
46 3 -12 2
50 -1 -21 3
14 3 -11 2
-5 3 -4 3
41 0 -14 3
76 -1 1 3
27 -1 -23 2
15 -1 -22 3
38 2 -3 3
54 1 -9 3
-4 5 -2 3
71 3 6 2
14 -1 -23 2
69 -1 -26 2
-15 -1 -26 2
62 -1 -31 3
39 -1 0 3
27 -1 -25 2
18 -1 6 3
10 3 0 2
54 0 8 3
15 2 8 3
-4 -1 -28 2
30 -1 -16 2
31 3 -6 2
72 3 -5 2
14 3 -8 2
-7 -1 -25 2
26 3 6 2
-1 7 0 3
64 0 8 3
68 0 -14 3
71 3 3 2
31 -1 -18 3
11 -1 -26 2
62 -1 -26 2
76 0 2 3
11 -1 8 3
42 3 4 2
52 0 -14 3
18 0 2 3
13 3 3 2
47 3 0 2
16 3 -11 2
7 -1 -31 3
76 -1 -13 3
70 -1 -18 2
72 3 -1 2
62 -1 -23 3
14 3 -5 2
55 1 -2 3
-4 7 -6 3
-4 6 -6 3
60 7 -2 2
73 3 -6 2
14 -1 -29 2
67 -1 -26 2
72 -1 -17 3
76 -1 5 3
17 -1 8 3
70 3 -2 2
62 -1 -5 3
70 3 4 2
53 3 -9 2
13 3 0 2
56 -1 -24 2
18 1 -1 3
-1 15 -8 3
14 -1 -16 2
52 -1 -28 2
72 3 -3 2
72 3 -11 2
14 3 -2 2
75 3 -3 2
64 0 -1 3
7 0 -6 3
75 3 -7 2
74 3 0 2
46 -1 -15 2
72 -1 -15 3
30 3 4 2
22 1 -12 3
66 3 5 2
17 -1 -31 3
64 2 -12 3
58 2 -1 3
45 -1 -15 2
-8 -1 -28 2
11 -1 -14 3
64 -1 -24 2
40 3 -13 2
56 -1 -27 6
22 -1 7 3
3 8 -3 3
25 -1 -21 3
9 -1 -16 3
-14 -1 -28 2
3 4 -5 3
68 -1 -17 2
18 2 -11 3
70 3 -5 2
72 1 -14 3
8 -1 -23 3
66 -1 -22 3
49 -1 -27 6
-4 12 -2 3
39 2 -9 3
2 12 -2 3
76 2 -11 3
61 -1 -1 3
5 2 -4 3
74 2 -14 3
73 -1 8 3
-8 -1 -31 3
62 -1 -3 3
16 3 0 2
40 3 -10 2
56 -1 -26 2
37 -1 -25 2
18 2 -8 3
76 0 -4 3
58 -1 -24 2
47 -1 -16 6
29 3 1 2
16 3 2 2
18 1 3 3
33 0 -8 3
33 -1 -23 3
45 -1 -27 2
41 2 8 3
43 3 -9 2
10 -1 -25 2
26 -1 -28 2
-8 -1 -30 2
47 -1 -26 2
69 0 -14 3
40 3 -11 2
37 2 -5 3
-4 2 -2 3
1 17 -6 2
39 0 -13 3
22 1 -11 3
11 3 -7 2
-12 -1 -27 2
76 2 -13 3
25 -1 -26 2
10 -1 -28 2
12 3 -13 2
44 -1 8 3
40 3 -8 2
69 3 -3 2
28 3 -7 2
17 3 -12 2
7 0 -9 3
61 -1 -25 2
11 3 -6 2
66 3 -7 2
14 1 8 3
45 3 2 2
47 -1 -24 2
10 -1 -31 3
38 0 -2 3
39 2 4 3
44 -1 -24 2
46 3 -13 2
12 1 8 3
5 -1 -30 2
-5 -1 -29 2
48 0 -14 3
60 1 -1 3
59 3 -1 3
13 3 -2 2
39 -1 -31 3
42 3 -13 2
45 3 7 2
10 -1 -18 2
-18 -1 -24 3
0 4 0 3
60 4 -1 3
-3 1 -7 3
35 2 -2 3
74 3 1 2
-18 -1 -26 3
39 2 -2 3
24 3 -5 2
75 -1 8 3
28 3 6 2
46 -1 -25 2
0 12 -8 3
42 3 -7 2
46 3 -4 2
10 -1 -21 2
67 -1 -22 2
20 -1 -24 2
0 17 -5 2
27 3 1 2
64 0 -13 3
63 -1 -25 2
19 -1 -29 2
-2 13 0 3
2 17 -3 2
22 0 0 3
67 3 -6 2
53 -1 -14 3
43 -1 -29 2
46 -1 -28 2
11 3 -11 2
18 -1 8 3
76 1 3 3
33 2 -6 3
54 2 -9 3
55 -1 -23 3
8 3 -9 2
39 2 1 3
53 -1 -30 2
70 -1 8 3
25 3 -9 2
48 3 3 2
54 0 3 3
67 2 8 3
41 3 -3 2
7 2 -4 3
11 3 -10 2
73 3 -13 2
42 -1 -26 2
36 2 -3 3
54 2 -12 3
8 3 -6 2
65 0 8 3
65 -1 -28 2
17 3 7 2
-5 11 -3 3
23 2 -14 3
33 2 -7 3
50 3 0 2
41 -1 -29 2
48 3 6 2
-13 -1 -28 2
44 2 -14 3
18 1 -8 3
7 2 -5 3
67 -1 -15 2
33 0 -2 3
62 0 -5 3
33 2 -14 3
39 0 -12 3
76 2 4 3
-4 3 -6 3
10 -1 -14 3
26 1 8 3
20 -1 -29 2
66 3 -6 2
45 -1 -30 2
11 -1 -30 2
48 -1 -23 2
7 -1 -10 3
4 -1 -27 6
48 3 5 2
46 3 -11 2
15 3 1 2
73 1 -14 3
3 16 -3 3
7 2 -10 3
58 3 -7 3
67 3 -3 2
55 -1 -30 2
45 -1 -31 3
73 3 5 2
50 2 -14 3
33 1 -1 3
27 -1 -28 2
69 1 8 3
19 -1 -2 3
71 3 -9 2
72 3 -12 2
52 1 -14 3
54 -1 3 3
7 2 -11 3
-3 8 -7 3
-12 -1 -23 3
3 9 -5 3
54 2 -5 3
50 -1 -18 3
33 -1 -7 3
7 1 1 3
-1 1 -8 3
31 -1 -23 3
71 -1 -18 2
39 2 -10 3
27 -1 -22 2
68 -1 -15 2
-4 17 -5 2
63 0 -5 3
54 -1 0 3
25 -1 -25 2
62 -1 -24 2
29 3 -3 2
73 3 -7 2
72 0 8 3
48 3 -13 2
68 -1 -14 3
27 1 8 3
29 0 -14 3
54 -1 5 3
70 3 0 2
-4 8 -2 3
51 3 0 2
2 8 -2 3
47 2 8 3
-2 5 -8 3
67 -1 8 3
-5 14 -4 3
66 3 6 2
45 -1 -14 3
49 3 -1 2
38 2 -4 3
2 -1 -27 6
39 -1 -24 2
-5 2 -5 3
-14 -1 -29 2
13 -1 -26 2
43 -1 -26 2
75 3 0 2
8 -1 -24 2
26 3 4 2
43 -1 -25 2
52 -1 -31 3
58 7 -2 2
47 3 -12 2
44 -1 -27 6
29 1 -14 3
76 -1 -14 3
68 3 6 2
20 -1 -2 3
55 -1 -28 2
51 3 6 2
10 2 8 3
74 3 6 2
70 -1 -25 2
-4 11 -2 3
29 -1 -16 2
55 -1 -2 3
71 3 -12 2
30 1 8 3
-2 5 0 3
67 3 1 2
27 3 -6 2
64 1 1 3
7 0 8 3
3 15 -4 3
-3 12 -1 3
12 3 6 2
64 -1 -12 3
7 0 6 3
39 0 1 3
31 1 -14 3
76 1 -2 3
15 -1 -25 2
-3 -1 -29 2
6 -1 -29 2
-1 -1 -24 2
-12 -1 -26 2
76 -1 -2 3
67 3 2 2
15 -1 8 3
76 1 -9 3
42 0 8 3
17 3 -13 2
31 3 -11 2
47 -1 -29 2
61 -1 -24 2
22 2 -6 3
69 -1 -16 6
3 2 -5 3
64 -1 2 3
67 3 7 2
40 -1 -29 2
48 -1 -27 2
-16 -1 -31 3
47 1 -14 3
16 2 8 3
1 11 -1 3
26 -1 -31 3
31 3 -10 2
5 -1 -29 2
25 -1 -18 3
8 3 -7 2
-1 10 0 3
67 3 -1 2
11 -1 -28 2
6 -1 -27 2
49 3 -6 2
72 -1 -24 3
65 3 -11 2
64 2 -13 3
48 -1 -26 2
47 3 -8 2
12 3 -9 2
-13 -1 -23 3
72 -1 -31 3
0 7 0 3
26 -1 -18 2
51 2 8 3
72 0 -14 3
44 3 1 2
2 6 -2 3
29 3 -1 2
13 2 -14 3
2 3 -6 3
69 3 -11 2
2 15 -6 3
-5 7 -4 3
-2 2 -8 3
28 3 7 2
69 3 1 2
22 2 -11 3
60 3 -1 3
-16 -1 -30 2
0 -1 -29 2
32 3 -1 2
39 1 -14 3
64 -1 8 3
6 2 -5 3
48 -1 -29 2
18 -1 -26 2
42 -1 -30 2
18 1 -12 3
-2 6 0 3
25 1 -14 3
19 -1 -26 2
26 -1 -21 2
64 0 -14 3
39 -1 -30 2
0 14 0 3
30 3 -2 2
75 3 -13 2
69 3 3 2
1 -1 -1 3
0 10 0 3
51 3 -1 2
49 2 -14 3
15 3 -9 2
-1 -1 -31 3
31 -1 -28 2
49 1 8 3
48 -1 -20 2
39 -1 -29 2
20 0 -2 3
58 -1 -7 3
48 3 1 2
-2 -1 -30 2
25 3 -10 2
26 -1 -24 2
75 1 8 3
33 -1 -29 2
41 3 -4 2
49 -1 -17 2
52 3 -2 2
-2 -1 -24 2
64 2 7 3
16 3 -4 2
-16 -1 -24 2
76 0 1 3
39 1 -12 3
-6 -1 -27 2
65 -1 -27 6
44 3 7 2
14 0 -14 3
58 -1 -26 2
57 -1 -6 3
68 1 -14 3
55 1 -3 3
38 -1 -30 2
33 1 7 3
33 -1 8 3
15 3 -3 2
49 0 8 3
33 1 -4 3
0 0 0 3
48 -1 -22 2
-1 -1 -27 6
61 4 -4 3
66 3 -5 2
44 3 -4 2
74 3 -8 2
48 -1 -24 2
46 3 -10 2
38 -1 -25 2
15 3 3 2
37 2 -4 3
15 -1 -27 2
-11 -1 -29 2
73 3 4 2
1 9 -1 3
4 1 -4 3
44 3 -5 2
3 -1 -31 3
32 2 -14 3
28 2 8 3
47 3 -2 2
16 -1 -28 2
5 2 -3 3
11 -1 -25 2
66 3 -13 2
15 3 -5 2
31 3 7 2
68 1 8 3
48 -1 -16 2
31 -1 -20 3
44 -1 -14 3
0 5 0 3
46 3 -3 2
44 3 -10 2
41 3 -7 2
-1 7 -8 3
76 0 -13 3
2 4 -2 3
70 -1 -20 2
10 -1 -24 2
6 1 -3 3
19 0 -6 3
25 -1 -14 3
18 0 -10 3
45 3 -2 2
29 3 -4 2
22 1 -5 3
31 3 0 2
71 -1 -20 2
45 3 -6 2
26 3 5 2
53 3 -11 2
-15 -1 -25 2
1 17 -3 2
41 3 -10 2
57 6 -3 3
44 0 -14 3
70 3 -3 2
67 3 -13 2
50 -1 -15 3
3 5 -4 3
68 -1 -21 2
32 -1 -25 2
35 -1 -24 2
6 -1 -3 3
15 -1 -29 2
67 -1 -23 2
30 3 -12 2
30 3 6 2
64 -1 -26 2
12 -1 -29 2
68 3 0 2
22 -1 -12 3
47 3 7 2
41 3 -13 2
26 2 -14 3
67 3 -12 2
-14 -1 -30 2
33 0 -9 3
13 -1 -25 2
24 0 -14 3
27 0 -14 3
13 2 8 3
33 1 -11 3
44 3 -2 2
4 1 -3 3
68 3 -1 2
12 -1 -28 2
59 4 -1 3
12 3 -2 2
22 -1 -7 3
44 -1 -28 2
26 0 8 3
68 3 7 2
-3 5 -7 3
-5 4 -5 3
41 3 0 2
55 -1 -27 6
22 2 6 3
18 1 1 3
25 3 6 2
50 -1 -23 3
69 2 8 3
61 -1 -3 3
27 -1 -30 2
12 -1 -23 2
12 3 -3 2
26 -1 -30 2
7 -1 -9 3
47 3 2 2
39 1 5 3
-1 2 0 3
22 2 3 3
51 3 -11 2
-5 13 -4 3
22 0 8 3
76 2 -3 3
12 -1 -22 6
1 15 -1 3
22 -1 -29 2
3 10 -5 3
42 3 -8 2
7 0 2 3
6 1 -4 3
22 0 3 3
66 1 8 3
68 -1 -23 2
-3 13 -7 3
-1 9 0 3
64 1 -8 3
22 2 0 3
51 3 -10 2
12 -1 -17 2
32 -1 -14 3
47 -1 -27 6
-2 16 -8 3
9 3 -8 2
71 1 8 3
27 -1 -27 2
32 -1 -30 2
21 -1 -6 3
54 0 2 3
41 -1 -27 6
-1 -1 0 3
49 -1 -24 2
5 -1 -28 2
1 1 -1 3
55 -1 -6 3
19 1 -2 3
13 0 -14 3
44 -1 -31 3
51 3 -5 2
54 -1 -10 3
12 -1 -16 6
-2 9 -8 3
42 3 -3 2
36 0 -2 3
9 3 -11 2
39 2 -12 3
36 -1 -29 2
22 -1 -27 6
32 1 -14 3
64 2 -10 3
47 -1 -20 6
76 -1 6 3
40 3 -1 2
-1 5 -8 3
57 2 -2 3
-2 -1 -26 2
35 2 -4 3
33 2 -13 3
44 -1 -30 2
51 3 -4 2
22 2 -12 3
23 -1 -23 3
39 1 -7 3
31 -1 -17 3
4 0 -3 3
28 3 -11 2
28 3 -10 2
-9 -1 -28 2
70 -1 -14 3
29 1 8 3
56 0 -2 3
35 -1 -31 3
53 -1 8 3
64 -1 -29 2
7 0 -7 3
11 -1 -24 2
12 3 -8 2
43 1 8 3
17 2 -14 3
18 0 -1 3
54 -1 -8 3
7 -1 -29 2
71 3 4 2
-5 6 -5 3
3 7 -4 3
33 -1 -2 3
29 3 -6 2
25 3 -11 2
0 -1 -26 2
54 2 5 3
74 3 7 2
41 3 -5 2
70 -1 -29 2
7 1 0 3
66 -1 -29 2
40 0 8 3
65 3 -12 2
20 1 -4 3
39 2 6 3
7 1 -13 3
71 -1 -26 2
33 1 8 3
64 -1 -23 3
8 3 2 2
54 2 2 3
25 3 4 2
3 8 -5 3
62 1 -4 3
33 -1 -14 3
70 -1 -19 2
7 2 8 3
-10 -1 -31 3
52 1 8 3
49 -1 -18 2
1 13 -1 3
9 -1 -23 3
43 3 -6 2
49 -1 -20 2
64 2 -7 3
66 3 -12 2
45 -1 -28 2
30 3 -3 2
72 -1 8 3
64 -1 -1 3
42 1 8 3
4 -1 -25 2
51 3 5 2
27 3 -8 2
19 -1 -23 3
57 2 -6 3
68 3 -5 2
61 5 -5 3
7 2 7 3
5 0 -5 3
-10 -1 -26 2
49 -1 -28 2
74 3 -12 2
55 -1 -25 2
48 3 -8 2
0 1 0 3
-4 0 -2 3
33 0 -13 3
2 0 -2 3
73 3 3 2
73 0 -14 3
73 1 8 3
65 3 6 2
11 1 -14 3
8 3 4 2
33 2 0 3
32 1 8 3
3 5 -5 3
27 -1 -24 2
3 -1 -3 3
7 2 2 3
7 -1 -11 3
74 3 -9 2
-4 15 -2 3
3 -1 -24 2
31 -1 -19 3
0 13 0 3
47 -1 -15 2
-5 8 -4 3
26 -1 -15 2
10 -1 8 3
-3 -1 -28 2
37 2 -3 3
76 -1 -7 3
7 -1 -28 2
-3 7 -7 3
-1 16 0 3
67 -1 -31 3
7 2 1 3
35 -1 -2 3
14 3 1 2
33 1 2 3
29 3 -13 2
64 1 2 3
1 17 -5 2
73 3 -9 2
10 0 8 3
57 0 -2 3
22 0 -7 3
53 3 -12 2
66 3 1 2
12 3 -1 2
25 2 -14 3
32 3 -5 2
61 5 -3 3
5 -1 -27 6
30 3 7 2
3 3 -5 3
1 17 -4 2
14 -1 -28 2
37 -1 -31 3
28 -1 -29 2
15 -1 -16 3
32 3 -2 2
45 3 -7 2
-14 -1 -31 3
11 3 1 2
2 -1 -24 2
3 3 -4 3
26 3 -12 2
48 3 -12 2
54 -1 -1 3
44 -1 -25 2
31 3 -4 2
72 -1 -25 3
28 -1 -28 2
32 3 -3 2
8 3 0 2
69 -1 -19 6
55 0 -2 3
25 -1 -23 3
-1 -1 -26 2
11 3 2 2
34 2 -5 3
1 3 -1 3
64 -1 0 3
50 -1 -24 2
61 1 -2 3
12 1 -14 3
70 -1 -22 2
27 3 -4 2
59 -1 -28 2
28 -1 -23 6
11 3 7 2
59 7 -5 2
28 0 -14 3
16 3 -7 2
2 -1 -30 2
33 1 -10 3
69 2 -14 3
0 15 0 3
-4 -1 -6 3
43 0 -14 3
30 -1 -30 2
16 3 1 2
48 1 -14 3
39 -1 3 3
0 16 -8 3
28 -1 -22 6
9 3 -1 2
32 3 -9 2
-4 -1 -30 2
28 3 -12 2
33 -1 1 3
3 1 -3 3
32 -1 -31 3
46 0 -14 3
27 3 3 2
64 1 8 3
-7 -1 -29 2
28 -1 -17 6
18 0 5 3
45 3 -11 2
26 3 1 2
16 -1 -26 2
8 -1 -14 3
7 0 7 3
76 2 -1 3
76 0 0 3
69 3 -7 2
9 -1 -26 2
22 1 6 3
55 -1 -26 2
27 3 4 2
76 -1 -12 3
42 3 -1 2
60 -1 -31 3
3 11 -3 3
37 0 -6 3
36 -1 -30 2
0 3 -8 3
13 3 -5 2
55 1 -4 3
35 -1 -26 2
60 7 -4 2
9 0 -14 3
47 -1 -25 2
4 2 -3 3
69 -1 8 3
43 -1 -31 3
35 2 -3 3
6 2 -3 3
33 0 -6 3
18 2 8 3
28 3 5 2
67 -1 -27 6
-3 4 -7 3
76 2 -6 3
24 0 8 3
37 -1 -2 3
22 2 -13 3
-4 -1 -27 6
61 4 -3 3
59 -1 -25 2
61 1 -5 3
15 -1 -21 3
60 -1 -30 2
13 3 -8 2
54 0 -2 3
-1 17 -4 2
23 1 8 3
54 -1 -23 3
18 2 -9 3
76 -1 -3 3
3 4 -4 3
65 3 -2 2
11 -1 -23 2
29 3 -10 2
26 3 -5 2
46 -1 -31 3
14 3 3 2
7 0 -13 3
66 -1 -31 3
0 4 -8 3
-5 9 -3 3
-4 -1 -26 2
-5 0 -5 3
-15 -1 -30 2
71 3 -3 2
60 -1 -25 2
13 3 -3 2
6 -1 -5 3
43 3 5 2
39 -1 1 3
25 3 -12 2
38 0 -6 3
4 2 -5 3
26 3 2 2
59 -1 -23 3
76 0 -5 3
70 -1 -30 2
-1 9 -8 3
18 2 2 3
-1 15 0 3
73 -1 -14 3
30 -1 8 3
65 3 -13 2
42 3 0 2
18 0 -2 3
29 -1 -18 2
60 -1 -24 2
65 -1 -25 2
18 -1 -6 3
76 0 -14 3
53 -1 -23 3
39 2 7 3
70 3 6 2
2 12 -6 3
16 1 8 3
45 3 -5 2
49 3 -7 2
33 -1 -13 3
5 1 -4 3
22 -1 -14 3
52 -1 -24 2
18 2 7 3
30 0 -14 3
49 2 8 3
69 -1 -18 2
60 5 -7 3
41 3 2 2
15 2 -14 3
-9 -1 -25 2
28 -1 -31 3
57 6 -2 3
13 3 -9 2
18 -1 -9 3
18 1 -6 3
66 3 -11 2
63 1 -4 3
36 -1 -25 2
71 3 -5 2
4 -1 -26 2
46 3 -8 2
76 -1 3 3
-3 17 -4 2
61 5 -6 3
51 -1 -24 2
-5 12 -4 3
0 15 -8 3
13 3 -12 2
51 2 -14 3
18 -1 -12 3
73 3 2 2
39 -1 -28 2
29 3 6 2
27 -1 -29 2
10 3 -4 2
27 -1 -16 2
23 -1 -28 2
1 12 -7 3
68 3 -12 2
15 -1 -15 3
26 -1 8 3
29 2 8 3
63 0 -3 3
43 -1 -14 3
31 -1 -30 2
49 0 -14 3
72 -1 -16 3
2 5 -2 3
54 -1 -28 2
15 -1 -26 2
26 -1 -16 2
17 3 6 2
7 -1 -27 6
-3 10 -1 3
64 2 8 3
52 3 -1 2
64 -1 -11 3
39 2 8 3
73 3 -10 2
61 6 -6 3
8 -1 -31 3
75 3 3 2
-3 6 -7 3
73 3 -4 2
53 3 -5 2
-15 -1 -31 3
10 3 -6 2
67 -1 -28 2
67 -1 -16 2
17 3 3 2
54 1 7 3
35 1 -2 3
25 -1 -16 3
64 0 -7 3
39 1 -9 3
57 3 -2 3
-2 -1 -31 3
28 1 -14 3
76 1 4 3
61 6 -3 3
76 2 -2 3
8 -1 -30 2
-5 -1 -26 2
2 17 -5 2
37 -1 -30 2
68 2 8 3
17 3 0 2
64 1 -7 3
22 -1 -1 3
-2 15 0 3
2 3 -2 3
33 0 -11 3
13 -1 -23 2
10 0 -14 3
7 -1 -23 3
64 2 -6 3
66 2 8 3
41 3 4 2
64 1 -14 3
26 3 -11 2
39 2 -13 3
54 0 5 3
18 -1 -24 2
44 -1 -26 2
44 -1 -20 3
16 3 4 2
46 3 -9 2
50 3 -5 2
3 -1 -25 2
19 1 -3 3
21 -1 -2 3
27 3 -1 2
21 1 -5 3
76 2 8 3
39 -1 -27 2
40 -1 -23 3
50 -1 -25 2
24 2 -14 3
69 3 4 2
33 2 -5 3
57 4 -2 3
18 -1 -27 2
57 1 -3 3
29 2 -14 3
62 0 -3 3
33 2 -12 3
43 3 -7 2
46 -1 -29 2
29 -1 -28 2
23 3 -3 2
72 -1 -22 3
71 -1 -31 3
14 2 -14 3
51 3 3 2
30 -1 -31 3
39 1 1 3
57 1 -2 3
-9 -1 -29 2
63 -1 -5 3
25 1 8 3
44 1 8 3
43 3 3 2
0 8 0 3
8 0 8 3
52 3 -4 2
-3 8 -1 3
21 -1 -26 2
-14 -1 -23 3
52 3 6 2
-2 3 -8 3
49 -1 -22 2
23 3 -5 2
49 3 -9 2
1 16 -1 3
5 -1 -26 2
7 1 7 3
23 3 7 2
76 2 -7 3
-4 15 -6 3
68 -1 -28 2
40 0 -14 3
18 1 8 3
20 1 -3 3
18 -1 4 3
7 1 -14 3
50 3 -4 2
28 -1 -16 6
29 3 7 2
3 8 -4 3
38 1 -2 3
39 0 8 3
-1 13 -8 3
23 3 -12 2
23 3 0 2
-5 13 -3 3
66 3 2 2
1 13 -7 3
9 0 8 3
28 3 2 2
22 1 -8 3
63 -1 -29 2
76 -1 0 3
22 2 -14 3
34 0 -2 3
11 -1 -18 2
70 3 3 2
43 1 -14 3
18 -1 -29 2
7 0 4 3
66 -1 -15 3
-17 -1 -24 2
56 1 -2 3
22 1 8 3
39 1 0 3
50 3 1 2
31 2 -14 3
1 -1 -31 3
23 -1 8 3
19 -1 -6 3
39 -1 -26 2
15 -1 -18 3
12 3 -12 2
30 -1 -29 2
33 2 1 3
-2 17 -6 2
42 -1 -23 3
3 13 -4 3
9 1 -14 3
50 -1 8 3
39 0 -8 3
-5 11 -5 3
25 3 -13 2
43 -1 -30 2
0 9 0 3
0 11 -8 3
68 3 4 2
72 2 -14 3
21 -1 -23 3
74 -1 -14 3
49 3 -4 2
50 -1 -22 3
33 -1 -27 2
31 3 -2 2
16 3 -13 2
-5 8 -3 3
1 8 -7 3
67 2 -14 3
54 0 -7 3
71 -1 -14 3
60 6 -1 3
47 -1 -22 6
76 2 -4 3
25 -1 -29 2
59 1 -7 3
9 -1 -17 3
-4 13 -2 3
2 13 -2 3
76 2 3 3
0 -1 -24 2
4 -1 -23 3
64 1 3 3
54 1 -6 3
17 0 8 3
50 -1 -31 3
9 -1 -21 3
22 0 -8 3
-4 14 -2 3
28 3 -4 2
64 -1 7 3
-9 -1 -30 2
66 3 -10 2
45 -1 -26 2
61 1 -4 3
74 3 -5 2
65 3 -8 2
11 3 -2 2
22 0 -13 3
40 -1 -24 2
64 0 5 3
54 1 -7 3
-17 -1 -28 2
17 3 -5 2
10 3 6 2
16 -1 -31 3
70 3 -12 2
51 -1 -23 3
-17 -1 -30 2
54 2 -1 3
33 1 -14 3
65 3 4 2
-2 11 -8 3
64 0 2 3
57 5 -5 3
44 1 -14 3
40 -1 -14 3
54 1 -4 3
17 3 -8 2
34 -1 -2 3
17 3 -1 2
14 -1 -17 2
75 3 -8 2
49 3 0 2
13 3 7 2
17 -1 -30 2
48 0 8 3
22 0 2 3
70 -1 -21 2
26 0 -14 3
39 -1 -7 3
54 1 -13 3
23 3 4 2
58 1 -7 3
35 -1 -28 2
27 0 8 3
22 1 -2 3
75 3 -11 2
53 3 -6 2
24 -1 -31 3
59 7 -6 2
14 3 -12 2
30 3 -5 2
47 3 -1 2
75 3 -2 2
25 -1 -15 3
39 -1 -14 3
-5 3 -3 3
58 -1 -29 2
72 3 -2 2
54 1 -10 3
1 7 -7 3
71 3 7 2
67 -1 -17 2
15 1 -14 3
9 3 -2 2
62 -1 -30 2
-9 -1 -23 3
-2 8 -8 3
75 3 -10 2
33 -1 7 3
30 -1 -15 2
37 -1 -29 2
3 1 -4 3
31 -1 8 3
14 3 -9 2
-16 -1 -28 2
47 1 8 3
60 6 -7 3
13 -1 -22 2
76 -1 -11 3
54 1 -11 3
69 3 -13 2
71 3 0 2
-5 -1 -4 3
8 -1 -28 2
62 -1 -25 2
26 3 -10 2
-1 17 -6 2
-4 10 -2 3
18 0 4 3
44 -1 -23 3
72 3 -7 2
-3 -1 -1 3
46 3 0 2
14 3 -6 2
18 2 -13 3
-2 9 0 3
68 3 -6 2
18 2 -4 3
-2 4 -8 3
76 0 7 3
8 3 -3 2
4 -1 -5 3
14 -1 -20 2
25 3 3 2
72 1 8 3
25 3 5 2
-8 -1 -24 2
62 -1 -28 2
-13 -1 -27 6
13 3 1 2
56 -1 -23 3
65 3 -4 2
17 -1 -24 2
66 3 3 2
60 7 -3 2
52 -1 -25 2
72 3 -4 2
61 -1 -31 3
58 5 -1 3
-1 2 -8 3
-3 4 -1 3
44 -1 -21 3
14 -1 -31 3
-5 11 -4 3
69 -1 -25 2
18 1 -14 3
43 3 1 2
-8 -1 -27 6
49 -1 -25 2
7 -1 3 3
61 -1 -5 3
54 1 4 3
22 -1 -13 3
15 0 -14 3
1 9 -7 3
27 3 -7 2
3 4 -3 3
58 6 -7 3
37 2 -2 3
-1 -1 -30 2
69 3 7 2
25 -1 -31 3
64 -1 6 3
33 1 1 3
44 3 -8 2
-5 9 -4 3
52 3 -3 2
43 3 -13 2
-8 -1 -26 2
33 -1 -11 3
29 -1 -31 3
56 -1 -25 2
38 2 -2 3
27 -1 -26 2
51 1 -14 3
76 0 -6 3
61 0 -6 3
29 3 2 2
49 -1 -21 2
5 -1 -25 2
41 -1 -24 2
76 -1 4 3
63 -1 -28 2
18 0 -7 3
43 3 -12 2
32 -1 -28 2
-8 -1 -29 2
64 2 6 3
40 3 -12 2
36 -1 -28 2
46 0 8 3
17 3 -10 2
64 -1 -9 3
48 -1 -28 2
4 -1 -24 2
-1 17 -5 2
51 -1 -28 2
33 0 1 3
28 3 3 2
72 -1 -19 3
69 3 5 2
10 -1 -27 6
40 3 -5 2
69 3 -1 2
7 0 -14 3
51 0 8 3
18 -1 -30 2
25 3 -1 2
29 3 4 2
18 -1 7 3
16 3 7 2
46 -1 -22 2
11 3 -5 2
45 3 3 2
10 -1 -30 2
22 -1 5 3
21 0 -2 3
40 3 -2 2
66 3 7 2
26 3 -2 2
39 -1 -25 2
-2 11 0 3
0 11 0 3
74 3 5 2
39 -1 7 3
-5 4 -4 3
0 7 -8 3
18 1 -7 3
42 3 -9 2
11 3 -4 2
11 -1 -29 2
49 3 -5 2
45 3 0 2
32 3 3 2
6 0 -5 3
10 -1 -17 2
-5 0 -4 3
1 4 -7 3
14 1 -14 3
74 1 -14 3
40 3 -3 2
60 1 -7 3
-1 6 -8 3
53 -1 -26 2
39 1 3 3
39 2 5 3
24 -1 -30 2
-3 1 -1 3
65 3 -7 2
-18 -1 -25 3
33 -1 -26 2
-3 2 -1 3
61 2 -6 3
39 -1 -13 3
-13 -1 -31 3
27 -1 -31 3
71 3 -10 2
54 -1 -25 2
8 3 -13 2
45 3 5 2
32 3 6 2
10 -1 -20 2
20 -1 -23 3
52 3 1 2
64 -1 -14 3
45 -1 -25 2
33 -1 -6 3
74 3 3 2
24 3 -7 2
42 0 -14 3
46 -1 -27 6
46 3 -6 2
53 3 6 2
8 3 -10 2
32 3 5 2
10 -1 -23 2
-15 -1 -28 2
39 -1 2 3
40 3 3 2
46 2 8 3
64 1 -6 3
48 3 2 2
65 3 3 2
11 3 -9 2
42 -1 -25 2
64 1 -13 3
54 2 -11 3
59 6 -7 3
8 3 -11 2
54 0 4 3
14 -1 -18 2
-11 -1 -30 2
0 13 -8 3
19 1 -4 3
-17 -1 -31 3
49 3 -3 2
36 -1 -31 3
7 2 -6 3
64 2 -8 3
64 -1 -8 3
42 -1 -28 2
33 2 -4 3
54 2 -14 3
41 1 8 3
1 10 -1 3
70 3 -4 2
70 3 2 2
-2 0 -8 3
-5 10 -5 3
73 3 -12 2
38 -1 -28 2
33 2 -11 3
18 2 -2 3
45 3 -1 2
48 3 4 2
58 4 -7 3
51 0 -14 3
53 3 -7 2
-15 -1 -29 2
41 3 -1 2
7 2 -7 3
49 3 3 2
69 3 -9 2
17 -1 -25 2
3 13 -3 3
25 2 8 3
-1 17 -1 2
10 -1 -16 2
1 -1 -7 3
33 2 -9 3
65 3 5 2
-1 5 0 3
52 3 -7 2
29 -1 -15 2
50 3 5 2
37 0 -2 3
7 -1 8 3
68 -1 -19 2
23 -1 -30 2
72 -1 -23 3
0 17 -6 2
7 2 -12 3
-5 1 -3 3
28 -1 -20 6
33 -1 0 3
3 9 -4 3
54 2 -4 3
5 -1 -24 2
1 2 -7 3
22 1 -3 3
68 -1 -29 2
26 3 -9 2
-5 10 -3 3
15 -1 -28 2
7 1 -6 3
19 -1 -30 2
54 -1 1 3
27 3 -9 2
54 -1 -30 2
76 1 -3 3
7 2 -13 3
45 1 -14 3
0 3 0 3
33 -1 4 3
20 1 -2 3
54 2 -7 3
69 1 -14 3
25 3 2 2
50 -1 -27 6
31 -1 -16 3
69 -1 -15 2
54 -1 6 3
51 3 1 2
43 3 -5 2
22 2 -9 3
-11 -1 -31 3
21 0 -6 3
71 0 -14 3
54 -1 -2 3
8 3 -2 2
57 -1 -28 2
50 3 -13 2
30 0 8 3
1 5 -7 3
-3 16 -7 3
60 0 -7 3
9 3 -5 2
25 -1 -30 2
28 3 -13 2
51 3 2 2
17 3 -2 2
61 -1 -2 3
-12 -1 -31 3
64 2 5 3
70 -1 -28 2
7 -1 -25 2
1 -1 -23 3
33 1 -3 3
56 -1 -31 3
33 2 2 3
59 2 -1 3
38 2 -6 3
29 3 -2 2
12 2 -14 3
50 3 -3 2
65 -1 -14 3
54 -1 8 3
51 3 7 2
-1 10 -8 3
18 1 -11 3
-3 7 -1 3
42 -1 -14 3
9 -1 -27 2
52 -1 -29 2
60 -1 -1 3
1 8 -1 3
54 0 -8 3
47 3 -10 2
16 -1 -30 2
22 1 -13 3
-4 16 -2 3
2 16 -2 3
-3 12 -7 3
9 3 6 2
28 -1 -14 3
54 0 -13 3
64 1 4 3
-3 9 -1 3
9 -1 -14 3
70 3 -8 2
72 -1 -20 3
-3 17 -6 2
43 3 -1 2
47 3 -13 2
56 1 -3 3
76 1 -7 3
-2 7 0 3
48 3 0 2
21 -1 -28 2
53 3 2 2
22 -1 3 3
65 1 8 3
9 3 3 2
64 -1 -6 3
18 -1 -31 3
26 -1 -27 6
63 -1 -31 3
22 0 -14 3
71 0 8 3
19 -1 -27 6
76 1 -14 3
22 2 -5 3
16 3 -9 2
70 3 -13 2
6 -1 -31 3
46 -1 -23 2
53 2 8 3
71 -1 -16 2
58 3 -1 3
31 3 -13 2
64 -1 3 3
67 3 4 2
-5 16 -5 3
47 3 -4 2
65 2 8 3
9 3 0 2
31 3 -9 2
39 -1 4 3
57 5 -6 3
-1 1 0 3
25 -1 -19 3
22 2 -8 3
35 1 -6 3
6 -1 -26 2
73 3 -11 2
-4 14 -6 3
48 -1 -25 2
47 3 -7 2
2 14 -6 3
-3 -1 -24 2
65 -1 -30 2
67 -1 -24 2
50 3 6 2
61 4 -6 3
29 -1 -20 2
26 -1 -17 2
39 2 2 3
0 -1 -8 3
-16 -1 -29 2
39 1 -13 3
64 2 -11 3
30 -1 -20 2
59 -1 -27 6
13 -1 -29 2
6 2 -4 3
47 3 -6 2
69 -1 -31 3
26 -1 -20 2
24 3 -10 2
57 -1 -2 3
45 -1 -24 2
71 -1 -17 2
9 -1 -19 3
62 1 -5 3
7 1 8 3
66 2 -14 3
17 0 -14 3
6 -1 -24 2
46 3 -1 2
15 3 -12 2
0 -1 -27 2
44 0 8 3
33 -1 6 3
11 2 8 3
48 -1 -19 2
16 -1 -29 2
51 -1 -25 2
3 1 -5 3
30 3 -4 2
39 2 -1 3
73 3 1 2
26 -1 -23 2
37 -1 -27 6
27 -1 -18 2
65 3 2 2
70 2 -14 3
57 3 -4 3
1 14 -1 3
7 -1 5 3
53 2 -14 3
40 1 8 3
-16 -1 -23 3
39 1 -11 3
-6 -1 -26 2
18 0 7 3
48 -1 -18 2
44 3 6 2
58 -1 -25 2
71 -1 -24 2
27 -1 -20 2
73 2 8 3
31 -1 -31 3
48 2 -14 3
55 1 -5 3
76 0 6 3
23 -1 -14 3
38 -1 -29 2
25 -1 -27 6
33 1 4 3
40 -1 -28 2
7 -1 -24 2
45 0 -14 3
-4 7 -2 3
-6 -1 -29 2
48 -1 -21 2
44 3 5 2
-1 12 -8 3
15 3 5 2
22 1 7 3
73 3 -2 2
56 0 -6 3
38 1 -6 3
57 -1 -23 3
53 3 -8 2
-5 12 -5 3
27 2 -14 3
61 3 -5 3
22 2 2 3
36 1 -2 3
48 2 8 3
43 -1 -23 3
75 3 4 2
25 3 -4 2
58 -1 -31 3
44 3 -6 2
28 -1 8 3
29 -1 -27 6
70 3 -7 2
72 -1 -29 3
-5 9 -5 3
71 -1 -30 2
38 -1 -27 6
15 3 -8 2
13 -1 -20 2
-4 9 -2 3
76 -1 -9 3
31 3 4 2
10 3 -2 2
5 -1 -23 3
42 2 -14 3
68 -1 -30 2
48 -1 -15 2
49 -1 8 3
-1 -1 -25 2
14 0 8 3
44 3 -7 2
41 3 -6 2
76 0 -7 3
12 3 0 2
76 1 -1 3
-3 15 -7 3
28 3 -2 2
70 -1 -31 3
18 0 -8 3
7 0 -1 3
25 -1 -22 3
9 -1 -30 2
31 3 1 2
-1 11 0 3
0 10 -8 3
48 -1 -14 3
37 1 -2 3
50 -1 -28 2
31 -1 -15 3
18 0 -13 3
44 3 -12 2
41 3 -9 2
45 -1 -20 2
22 -1 8 3
39 0 7 3
1 17 -2 2
-2 13 -8 3
33 2 8 3
31 3 2 2
76 2 0 3
22 -1 -11 3
43 -1 8 3
44 3 -13 2
7 -1 1 3
66 -1 -19 3
41 3 -12 2
3 10 -4 3
67 3 -11 2
0 16 0 3
9 3 -6 2
47 -1 -19 6
62 1 -3 3
10 1 -14 3
1 12 -1 3
46 1 -14 3
12 -1 -27 2
39 0 -10 3
22 -1 -6 3
-4 10 -6 3
-2 17 -4 2
64 -1 -13 3
0 -1 0 3
59 4 -7 3
8 3 -5 2
22 2 7 3
-4 1 -2 3
12 -1 -26 2
12 3 -4 2
0 17 -2 2
12 3 -7 2
42 3 -6 2
47 3 3 2
-5 1 -5 3
3 -1 -30 2
30 1 -14 3
74 0 -14 3
61 2 -5 3
1 1 -7 3
47 -1 -21 2
2 -1 -6 3
22 2 4 3
74 3 -10 2
0 -1 -31 3
12 -1 -21 6
70 3 -10 2
12 3 -5 2
39 -1 -10 3
9 3 -4 2
3 12 -3 3
53 3 3 2
23 0 -14 3
32 0 8 3
12 3 7 2
53 3 1 2
-4 17 -4 2
64 -1 -7 3
8 3 7 2
32 -1 -24 2
76 1 6 3
17 -1 -23 3
51 3 -9 2
7 -1 -2 3
41 1 -14 3
46 -1 -24 2
22 0 4 3
54 -1 -14 3
13 1 8 3
32 -1 -27 6
-4 4 -2 3
12 -1 -20 2
9 3 -7 2
3 -1 -26 2
22 -1 -31 3
72 -1 -27 3
31 3 -7 2
18 -1 1 3
-4 12 -6 3
18 1 -4 3
3 7 -5 3
66 -1 -30 2
64 1 -12 3
51 3 -8 2
22 2 -10 3
54 0 7 3
54 -1 -9 3
-2 17 -1 2
70 -1 -26 2
12 -1 -15 6
-5 14 -5 3
3 12 -5 3
22 -1 -26 2
68 3 -8 2
19 1 -5 3
16 3 -10 2
65 -1 -29 2
64 -1 -25 2
39 2 3 3
40 3 -7 2
52 3 -6 2
33 2 -3 3
57 4 -4 3
44 -1 -29 2
51 3 -3 2
24 1 8 3
29 -1 -29 2
54 -1 -12 3
75 -1 -14 3
12 -1 -14 3
4 0 -5 3
52 -1 -23 3
33 2 -10 3
-18 -1 -31 3
69 3 -12 2
73 3 -8 2
64 2 0 3
64 2 -4 3
1 2 -1 3
22 2 8 3
53 3 -10 2
-6 -1 -23 3
40 -1 -27 6
71 1 -14 3
54 -1 -7 3
61 5 -2 3
21 1 -6 3
33 0 -7 3
22 -1 -24 2
30 2 -14 3
1 5 -1 3
70 -1 -16 2
18 1 -5 3
67 -1 -18 2
54 2 6 3
22 1 -1 3
30 -1 -17 2
2 2 -6 3
33 1 -9 3
27 -1 -17 2
65 3 1 2
25 3 -2 2
49 3 7 2
-5 5 -5 3
61 5 -4 3
7 1 -7 3
46 3 -5 2
31 -1 -26 2
7 1 5 3
52 -1 8 3
54 2 3 3
1 0 -1 3
-10 -1 -30 2
54 -1 -29 2
43 3 0 2
15 3 4 2
52 2 8 3
-2 0 0 3
35 -1 -25 2
55 -1 -24 2
39 -1 -11 3
38 1 -5 3
54 2 0 3
72 -1 -26 3
7 2 6 3
9 -1 -15 3
22 2 1 3
-10 -1 -25 2
71 -1 -27 6
2 8 -6 3
41 2 -14 3
48 3 -5 2
35 -1 -23 3
69 -1 -14 3
-2 -1 -27 6
69 -1 -29 2
52 2 -14 3
50 3 7 2
67 -1 -21 2
36 2 -6 3
37 -1 -26 2
61 -1 -28 2
57 -1 -25 2
43 3 7 2
7 2 5 3
-10 -1 -28 2
40 3 5 2
13 -1 -19 2
-12 -1 -30 2
76 -1 -10 3
33 2 3 3
52 3 0 2
48 3 -2 2
16 -1 -14 3
46 -1 8 3
-5 -1 -5 3
2 0 -6 3
16 3 -3 2
44 -1 -22 3
36 -1 -23 3
-2 17 -5 2
49 3 -13 2
8 3 5 2
7 2 0 3
34 2 -2 3
64 2 -5 3
25 3 0 2
71 2 8 3
74 3 -6 2
31 0 8 3
72 3 1 2
54 0 -14 3
23 -1 -29 2
65 1 -14 3
32 3 -6 2
27 3 -13 2
11 3 -1 2
7 -1 -7 3
43 0 8 3
22 0 -6 3
22 1 -4 3
50 1 8 3
76 1 -6 3
12 3 5 2
-5 8 -5 3
42 3 -2 2
38 -1 -6 3
11 -1 -22 2
43 3 2 2
22 0 -11 3
30 -1 -27 2
7 0 -8 3
66 -1 -20 3
32 3 -7 2
3 10 -3 3
9 3 -13 2
24 3 5 2
36 2 -4 3
2 -1 -23 3
45 -1 -23 2
70 3 -9 2
3 3 -3 3
48 3 -9 2
52 3 -8 2
23 1 -14 3
40 3 2 2
16 0 8 3
56 -1 -29 2
68 3 -2 2
54 -1 -24 2
28 -1 -27 6
32 3 -4 2
76 -1 -5 3
33 -1 5 3
11 3 3 2
48 1 8 3
2 -1 -26 2
50 -1 -26 2
76 2 6 3
33 -1 -31 3
18 2 -10 3
60 5 -1 3
0 -1 -28 2
74 1 8 3
-5 15 -5 3
34 -1 -31 3
42 3 -5 2
32 3 -13 2
45 3 -4 2
50 3 -8 2
39 -1 5 3
11 3 4 2
59 7 -3 2
26 3 -6 2
16 3 -8 2
30 3 -13 2
29 3 -5 2
2 -1 -29 2
2 6 -6 3
-2 17 -7 2
63 -1 -24 2
56 1 -4 3
26 3 3 2
-4 2 -6 3
28 3 -8 2
-9 -1 -26 2
28 -1 -21 2
15 -1 -20 3
32 3 -10 2
30 3 -1 2
65 3 -10 2
39 -1 -23 3
8 1 8 3
22 1 3 3
46 -1 -17 2
23 3 -2 2
31 3 -3 2
27 3 0 2
3 14 -3 3
18 -1 0 3
47 3 -9 2
32 3 -11 2
45 3 -10 2
-12 -1 -28 2
34 -1 -24 2
18 0 6 3
36 -1 -26 2
-4 -1 -31 3
70 -1 -27 6
27 3 5 2
75 3 -4 2
55 1 -6 3
57 3 -5 3
76 0 5 3
1 6 -1 3
60 7 -6 2
31 -1 -29 2
14 3 0 2
39 2 0 3
22 -1 6 3
25 -1 -28 2
-1 14 0 3
21 -1 -24 2
27 3 -2 2
61 4 -5 3
27 -1 -15 2
27 3 6 2
1 7 -1 3
43 3 -8 2
46 3 3 2
60 -1 -29 2
17 -1 -14 3
13 3 -7 2
45 0 8 3
21 1 -4 3
45 -1 -22 2
68 3 -3 2
9 3 7 2
69 0 8 3
29 3 -9 2
58 6 -1 3
-6 -1 -24 2
14 3 2 2
72 3 3 2
-4 -1 -25 2
55 -1 -31 3
54 1 -2 3
60 -1 -28 2
51 -1 -27 2
61 3 -2 3
63 1 -5 3
40 3 6 2
31 0 -14 3
39 2 -4 3
15 3 -1 2
65 3 0 2
64 2 3 3
29 3 -12 2
18 2 3 3
14 3 5 2
49 3 6 2
64 2 4 3
60 -1 -23 3
13 3 -13 2
76 0 -8 3
39 1 -10 3
57 3 -3 3
-3 -1 -30 2
10 3 -11 2
31 -1 -25 2
71 3 -4 2
5 1 -3 3
76 0 -9 3
18 -1 -1 3
18 2 0 3
-3 -1 -25 2
72 3 5 2
25 3 1 2
33 0 2 3
18 0 -14 3
51 -1 -31 3
36 -1 -27 2
18 -1 -8 3
15 3 7 2
30 3 1 2
-5 3 -5 3
22 1 -14 3
63 1 -3 3
47 -1 -23 6
41 -1 -26 2
31 -1 -14 3
57 -1 -31 3
-2 -1 -28 2
53 3 -1 2
72 -1 -30 3
33 -1 -24 2
18 2 5 3
50 3 -12 2
3 -1 -28 2
28 3 -1 2
68 -1 -22 2
38 -1 -2 3
14 -1 -26 2
57 -1 -24 2
-4 5 -6 3
13 3 -11 2
18 -1 -11 3
70 0 -14 3
40 -1 -31 3
54 0 -1 3
15 -1 -14 3
10 3 -13 2
73 3 7 2
14 3 7 2
71 3 -11 2
61 0 -3 3
-2 14 -8 3
42 3 5 2
-5 4 -3 3
5 1 -5 3
40 2 8 3
68 3 -9 2
13 -1 -18 2
76 2 5 3
8 -1 -27 6
19 -1 -28 2
18 -1 -14 3
1 4 -1 3
-2 1 0 3
10 3 -1 2
44 -1 -19 3
54 1 3 3
69 -1 -21 2
50 2 8 3
36 -1 -24 2
6 0 -3 3
22 2 -4 3
-2 -1 -25 2
76 1 -8 3
67 -1 -20 2
27 3 -11 2
70 1 8 3
22 0 -1 3
8 -1 -26 2
59 -1 -26 2
9 3 5 2
10 3 -7 2
71 3 -13 2
9 -1 8 3
17 3 4 2
54 1 6 3
40 2 -14 3
53 -1 -25 2
25 3 -5 2
64 0 -6 3
-14 -1 -24 2
57 -1 -26 2
-11 -1 -28 2
8 -1 -29 2
53 0 8 3
75 3 5 2
33 2 -1 3
30 -1 -28 2
-5 -1 -31 3
7 -1 7 3
66 -1 -21 3
2 10 -6 3
22 -1 -9 3
-2 7 -8 3
76 1 7 3
17 3 1 2
54 1 5 3
18 -1 3 3
22 0 7 3
-4 -1 -24 2
52 3 -11 2
68 -1 -24 2
75 3 6 2
18 -1 -23 3
-7 -1 -31 3
39 0 -11 3
56 -1 -30 2
22 1 -7 3
64 1 -11 3
54 0 6 3
7 0 5 3
64 0 0 3
-3 -1 -31 3
5 -1 -5 3
9 -1 -28 2
63 -1 -26 2
-5 -1 -24 2
19 1 -6 3
41 -1 -28 2
76 -1 8 3
57 1 -6 3
39 1 7 3
33 2 -2 3
24 3 6 2
57 4 -3 3
39 -1 -9 3
69 -1 -20 6
40 3 0 2
-14 -1 -25 2
69 3 0 2
39 0 -14 3
22 2 -3 3
-1 3 -8 3
59 -1 -31 3
46 1 8 3
15 -1 -19 3
75 2 -14 3
51 -1 -14 3
-3 3 -7 3
61 6 -4 3
67 3 -4 2
43 -1 -24 2
33 1 -7 3
0 6 0 3
46 -1 -18 2
-7 -1 -23 3
7 0 -10 3
0 17 -4 2
58 -1 -1 3
14 -1 -14 3
26 3 0 2
23 3 -8 2
1 16 -7 3
-12 -1 -25 2
34 -1 -25 2
28 3 -3 2
70 3 -11 2
66 -1 8 3
7 -1 2 3
7 1 -8 3
15 3 -2 2
13 3 -1 2
7 1 4 3
57 3 -6 3
52 3 4 2
43 3 -2 2
19 0 -2 3
16 3 -12 2
21 -1 -31 3
7 1 -9 3
64 0 -2 3
23 3 -11 2
23 3 1 2
-5 13 -5 3
34 1 -6 3
57 5 -2 3
33 0 7 3
-4 8 -6 3
69 -1 -28 2
66 -1 -14 3
53 -1 -31 3
24 2 8 3
0 6 -8 3
64 2 2 3
-3 16 -1 3
3 7 -3 3
64 2 -2 3
75 3 -5 2
23 3 -10 2
45 -1 -21 2
23 3 2 2
-3 11 -7 3
37 -1 -24 2
17 -1 -29 2
74 0 8 3
40 -1 -25 2
46 3 -2 2
39 -1 -1 3
69 3 -2 2
-3 0 -7 3
51 -1 -30 2
53 3 7 2
68 -1 -31 3
40 3 7 2
39 2 -3 3
49 -1 -19 2
27 -1 -14 3
32 3 0 2
23 3 -13 2
-2 -1 -8 3
58 7 -6 2
65 0 -14 3
33 2 4 3
13 3 6 2
49 3 5 2
40 3 1 2
24 -1 -14 3
76 -1 -1 3
54 0 -6 3
68 3 2 2
33 0 -1 3
50 -1 -30 2
15 -1 -23 3
54 0 -11 3
3 6 -3 3
15 3 6 2
64 1 6 3
30 -1 -26 2
68 0 8 3
38 -1 -24 2
3 15 -5 3
67 -1 -14 3
30 -1 -21 2
51 -1 8 3
68 3 1 2
53 3 -3 2
76 1 -5 3
54 1 -8 3
17 3 -4 2
46 3 1 2
10 3 5 2
22 0 -12 3
2 14 -2 3
34 2 -6 3
72 -1 -21 3
24 -1 -24 2
76 2 -9 3
12 3 1 2
-13 -1 -30 2
-5 16 -3 3
64 0 3 3
57 5 -3 3
17 3 -7 2
30 2 8 3
13 -1 -17 2
3 2 -4 3
8 -1 8 3
68 -1 -25 2
0 0 -8 3
56 -1 -6 3
31 1 8 3
26 3 -13 2
50 3 -7 2
72 3 -13 2
24 -1 -27 2
1 11 -7 3
42 3 -11 2
75 3 -1 2
54 1 -14 3
