10 4 3 3
10 5 -4 0
10 3 3 3
10 5 -1 3
10 6 -2 0
13 4 2 3
7 6 2 3
10 4 5 3
9 8 3 2
8 3 2 3
6 7 2 0
12 11 2 3
10 6 -1 3
8 9 2 3
13 7 2 3
9 8 1 2
11 8 2 3
8 6 2 3
10 11 0 3
10 4 9 0
10 3 -5 0
11 6 3 2
10 12 0 1
3 2 2 0
10 11 2 3
9 6 1 2
10 -1 11 0
15 7 2 0
17 5 2 0
13 10 2 3
3 1 2 0
10 12 2 3
9 6 3 2
19 -1 2 0
10 6 1 3
1 2 2 0
12 7 2 3
10 12 4 1
10 7 0 3
12 4 2 3
11 9 3 2
11 10 3 1
10 9 5 3
10 7 2 3
11 9 1 2
10 1 10 0
10 6 -4 0
7 10 2 3
10 10 3 3
10 7 3 3
14 7 2 0
10 9 3 3
10 7 4 3
10 2 10 0
9 14 2 1
7 5 2 3
10 10 1 3
10 -1 -7 0
10 6 7 0
10 8 6 0
12 9 2 3
10 2 11 0
9 11 2 3
5 6 2 0
10 9 -1 3
16 6 2 0
10 10 -1 3
18 1 2 0
10 6 5 3
10 7 -1 3
18 2 2 0
10 9 1 3
10 10 5 3
9 4 2 3
10 6 3 3
10 5 3 3
10 2 -5 0
11 7 2 3
7 8 2 3
10 7 -3 0
2 3 2 0
10 5 1 3
10 2 -7 0
8 7 2 3
10 8 4 3
10 5 7 0
10 11 4 3
8 4 2 3
11 10 1 1
11 12 2 3
8 10 2 3
4 5 2 0
15 6 2 0
10 5 5 3
17 4 2 0
11 11 2 3
10 13 2 1
10 5 -2 0
15 5 2 0
10 8 0 3
9 10 1 1
10 3 4 3
10 0 11 0
10 14 2 1
9 7 2 3
13 6 2 3
3 5 2 0
10 8 2 3
10 1 -5 0
9 10 3 1
19 2 2 0
13 9 2 3
9 10 2 3
12 3 2 3
6 8 2 0
1 -1 2 0
10 1 -7 0
19 1 2 0
10 3 0 3
1 1 2 0
17 2 2 0
16 5 2 0
9 9 2 3
10 3 2 3
7 7 2 3
2 1 2 0
10 4 2 3
10 7 6 0
9 8 2 3
10 4 -1 3
10 3 9 0
10 11 5 1
13 5 2 3
10 4 4 3
12 5 2 3
11 8 1 2
9 13 2 1
12 12 2 1
12 10 2 3
10 3 -6 0
11 6 2 3
5 5 2 0
10 12 1 3
10 11 1 3
11 5 2 3
10 16 2 1
10 3 10 0
10 12 3 3
10 8 -1 3
7 4 2 3
10 11 3 3
9 6 2 3
17 3 2 0
11 8 3 2
7 11 2 1
6 5 2 0
8 11 2 3
10 8 -2 0
10 5 9 0
6 6 2 0
11 10 2 3
18 3 2 0
8 8 2 3
10 9 4 3
10 7 1 3
11 9 2 3
10 6 -3 0
11 6 1 2
10 9 2 3
4 6 2 0
9 9 1 2
10 5 -3 0
10 1 11 0
13 8 2 3
10 10 2 3
9 7 3 2
10 6 8 0
10 9 0 3
10 7 5 3
10 0 -7 0
9 9 3 2
13 11 2 1
1 0 2 0
10 1 9 0
8 5 2 3
10 10 0 3
9 7 1 2
10 6 6 0
10 7 7 0
11 7 1 2
10 5 -5 0
10 6 4 3
10 5 2 3
11 7 3 2
10 15 2 1
10 10 4 3
3 4 2 0
10 6 2 3
14 5 2 0
17 1 2 0
10 5 0 3
10 2 -6 0
10 7 -2 0
9 12 2 3
3 3 2 0
14 6 2 0
10 8 5 3
10 6 0 3
10 5 6 0
14 8 2 0
19 0 2 0
12 8 2 3
10 5 4 3
5 7 2 0
10 17 2 4
12 6 2 3
10 8 1 3
10 14 3 1
10 11 -1 1
10 13 3 1
10 8 3 3
10 1 -6 0
10 4 0 3
10 5 8 0
7 9 2 3
10 14 1 1
9 3 2 3
10 13 1 1
2 2 2 0
9 5 2 3
10 4 -5 0
11 14 2 1
10 2 9 0
8 12 2 1
10 4 1 3
11 4 2 3
10 3 1 3
11 13 2 1
11 3 2 3